[1,0,[[21, 0.7014]]]
[2,0,[[91, 0.8857]]]
[3,0,[[65, 0.5485]]]
[4,0,[[84, 1.2978]]]
[5,0,[[13, 1.159], [33, 1.2792], [85, 0.7376], [57, 1.3329], [60, 1.0272], [20, 1.0856], [71, 1.3132]]]
[6,0,[[56, 0.5202]]]
[7,0,[[89, 0.7495], [77, 0.9675], [34, 0.9367], [91, 0.7001], [50, 1.1394], [25, 1.3232], [20, 0.8192], [1, 0.8822], [33, 0.6248]]]
[8,0,[[47, 1.0361], [62, 1.3979], [30, 0.8669]]]
[9,0,[[21, 0.9327], [81, 1.1572], [87, 1.1785]]]
[10,0,[[51, 0.7882]]]
[11,0,[[71, 0.796], [97, 1.2785]]]
[12,0,[[99, 0.9509], [19, 0.8139], [32, 0.9661], [21, 0.8256], [53, 1.4556], [41, 1.1914]]]
[13,0,[[73, 1.4551], [86, 1.2009], [85, 1.326], [35, 1.0325]]]
[14,0,[[17, 0.7122]]]
[15,0,[[78, 1.3424], [99, 1.0266], [75, 0.7428], [100, 0.6657], [87, 1.013], [83, 1.0489], [23, 0.5794], [88, 1.4971], [73, 0.6124], [14, 1.4488], [72, 0.5846]]]
[16,0,[[41, 0.8533], [24, 1.3214]]]
[17,0,[[51, 0.5906], [27, 0.7853], [42, 1.1836], [78, 1.4833]]]
[18,0,[[11, 0.7954], [43, 1.3438], [4, 1.3302], [27, 0.9505], [84, 1.2684], [32, 0.833], [59, 0.9042], [47, 1.0418]]]
[19,0,[[36, 0.7043]]]
[20,0,[[87, 1.1343], [30, 1.053]]]
[21,0,[[46, 0.9001], [32, 0.5146]]]
[22,0,[[58, 0.9775], [51, 0.5576], [72, 0.8488], [83, 0.777], [65, 1.0991], [56, 1.2182], [40, 1.4614], [31, 0.7679], [99, 0.5119], [95, 1.2101], [57, 0.7364], [63, 1.4421], [38, 1.2734]]]
[23,0,[[41, 1.0039], [40, 1.3253], [2, 0.9466], [74, 0.5006], [50, 1.1245], [98, 0.9462], [60, 1.1261]]]
[24,0,[[87, 1.4355]]]
[25,0,[[86, 0.5776], [33, 0.7281], [7, 0.9782], [82, 0.8704]]]
[26,0,[[52, 0.6771], [21, 0.5011], [25, 1.2814], [42, 0.6365], [12, 1.0552], [67, 1.34], [10, 1.0166], [63, 0.7437], [7, 0.9609], [14, 0.5541], [64, 0.6335], [96, 1.4625], [8, 0.9978], [99, 1.3421], [87, 1.1007], [86, 0.5953], [62, 1.387], [75, 1.1859]]]
[27,0,[[50, 1.2094]]]
[28,0,[[37, 0.5155]]]
[29,0,[[75, 1.4742]]]
[30,0,[[57, 1.4419], [68, 0.5755], [39, 0.7419], [18, 0.9284], [76, 0.5257], [88, 0.7798], [84, 0.9156], [71, 1.4784], [92, 0.858]]]
[31,0,[[26, 0.5689]]]
[32,0,[[53, 1.0688], [28, 1.2734], [66, 1.1733], [67, 0.6069], [50, 1.2502], [88, 0.8234]]]
[33,0,[[85, 1.4132], [10, 1.0719], [36, 0.5431], [94, 1.2566], [13, 0.7129], [83, 0.5861], [78, 1.2072], [95, 0.8506]]]
[34,0,[[31, 0.7681]]]
[35,0,[[23, 0.8213]]]
[36,0,[[11, 0.7123], [54, 0.9823], [41, 1.1356], [99, 0.9917], [35, 1.1231], [57, 0.6656], [21, 0.9893], [5, 1.0397], [55, 1.0158], [75, 0.7624], [56, 0.7543], [72, 0.561], [83, 0.5016], [50, 0.6921]]]
[37,0,[[61, 0.9051]]]
[38,0,[[40, 1.0668], [63, 1.1548], [73, 0.9995], [51, 0.7651]]]
[39,0,[[16, 0.537], [10, 0.7716]]]
[40,0,[[24, 1.0445], [72, 1.271], [18, 1.1285], [52, 0.9825], [42, 1.3959], [59, 0.6149]]]
[41,0,[[10, 0.8321], [12, 0.7248], [40, 1.0195], [13, 1.0316]]]
[42,0,[[87, 0.7109], [15, 1.0463], [16, 0.7736]]]
[43,0,[[80, 1.0871], [20, 0.5896]]]
[44,0,[[28, 1.2225]]]
[45,0,[[6, 0.9761]]]
[46,0,[[83, 0.9431], [53, 0.747], [55, 0.7044]]]
[47,0,[[57, 1.2542]]]
[48,0,[[28, 1.2336]]]
[49,0,[[58, 1.4187]]]
[50,0,[[30, 1.1385], [87, 0.8934], [41, 1.2702], [3, 1.1101], [39, 0.5404], [48, 0.7637], [86, 0.8524], [26, 0.5175], [29, 0.5064], [52, 0.9939], [90, 1.2858], [98, 0.7155], [44, 0.7067]]]
[51,0,[[28, 1.1258], [98, 1.2273], [74, 0.9435], [20, 0.7898], [95, 1.2371], [72, 0.9952], [47, 0.578], [88, 1.3469], [61, 0.5057], [100, 1.1801], [8, 1.4009], [94, 1.0743], [79, 1.137], [52, 1.2832], [76, 1.3801], [35, 1.1932], [11, 0.7669], [92, 1.1334], [23, 1.3043], [16, 0.9309], [93, 1.1206]]]
[52,0,[[86, 1.0052], [59, 1.0199], [62, 1.1704], [14, 0.7095]]]
[53,0,[[40, 1.3112], [99, 1.003], [21, 1.0596], [63, 1.411], [90, 0.6327], [6, 0.8725], [70, 0.6551], [52, 1.3067], [45, 0.9557], [89, 0.8203], [76, 1.1264], [100, 0.6388]]]
[54,0,[[82, 1.0164], [99, 0.901], [95, 1.38], [13, 0.6926], [86, 1.2098]]]
[55,0,[[84, 0.7676], [96, 1.1214]]]
[56,0,[[65, 1.2431], [20, 0.7977]]]
[57,0,[[32, 1.3742]]]
[58,0,[[83, 0.5775], [27, 1.301], [62, 1.4133], [16, 1.2806]]]
[59,0,[[52, 0.9655], [11, 0.6745], [76, 0.8118], [99, 1.0485], [8, 0.8511], [38, 1.0155], [35, 1.1974], [45, 1.2603], [95, 1.0536], [5, 1.2111]]]
[60,0,[[10, 1.2292], [33, 1.1715], [42, 1.426], [62, 1.4356], [19, 1.264], [21, 0.6208], [20, 0.9744], [35, 1.4418], [78, 0.9963], [51, 1.1107], [71, 1.1531], [34, 1.335], [67, 0.8837], [81, 1.2765], [18, 1.1207]]]
[61,0,[[11, 0.7183]]]
[62,0,[[71, 0.7259], [72, 0.7402], [54, 1.3746], [21, 0.9256], [100, 1.2856]]]
[63,0,[[23, 0.6187], [96, 0.6987], [45, 1.0169], [86, 1.2931], [73, 0.5957], [42, 1.2569], [46, 1.3063]]]
[64,0,[[31, 0.5823], [39, 0.9277]]]
[65,0,[[70, 0.5985], [77, 0.8051], [13, 0.884], [89, 1.2169]]]
[66,0,[[100, 0.8406]]]
[67,0,[[45, 1.1571]]]
[68,0,[[75, 1.351]]]
[69,0,[[1, 1.0097], [56, 1.1368], [50, 0.8654], [82, 0.8104], [84, 0.7122], [51, 1.3064]]]
[70,0,[[25, 1.0128]]]
[71,0,[[53, 1.0174]]]
[72,0,[[76, 0.9082]]]
[73,0,[[43, 1.4518], [1, 0.8626], [83, 0.6413], [69, 0.624], [32, 0.6808], [93, 0.5539], [74, 1.0471], [40, 1.0098], [19, 0.5151], [24, 0.6905], [66, 1.3299], [98, 1.0513], [84, 1.0591], [5, 0.5271], [33, 0.8116], [79, 0.973], [10, 1.2996], [56, 0.7264], [75, 1.1786], [34, 0.582], [97, 0.7232], [64, 0.6051], [71, 0.9676], [21, 1.3878], [27, 0.7703], [16, 0.725], [39, 1.2224], [7, 0.714], [72, 1.4032]]]
[74,0,[[40, 0.7405], [2, 0.6174]]]
[75,0,[[12, 1.1231], [15, 1.4804], [84, 0.5926], [25, 1.4779], [44, 0.7378], [51, 0.873]]]
[76,0,[[52, 0.8516]]]
[77,0,[[38, 1.4432], [34, 0.5809], [92, 0.9866], [54, 0.6849]]]
[78,0,[[12, 0.6771]]]
[79,0,[[84, 0.6816], [96, 1.1463], [59, 1.2509], [37, 0.8872], [46, 1.1862], [14, 0.5391], [10, 0.7696], [23, 0.7757]]]
[80,0,[[66, 1.2384], [56, 1.4317], [76, 1.2813], [33, 0.5385]]]
[81,0,[[71, 0.7], [43, 0.6579], [7, 1.2461]]]
[82,0,[[40, 0.6127]]]
[83,0,[[9, 0.9248], [28, 0.6358], [100, 0.5059], [12, 1.1032], [67, 1.3752], [68, 1.3689]]]
[84,0,[[58, 0.708]]]
[85,0,[[64, 1.1935], [70, 0.5461], [84, 1.3813], [55, 0.6185], [42, 1.31], [20, 1.105]]]
[86,0,[[90, 0.5426]]]
[87,0,[[26, 0.7949], [90, 1.2055], [88, 1.3634]]]
[88,0,[[62, 1.0334], [4, 0.6843]]]
[89,0,[[74, 0.8052], [16, 0.9646], [100, 1.0036], [8, 0.506], [66, 0.6552], [48, 0.6598], [75, 0.9063], [64, 1.1874], [50, 0.6433], [45, 1.3306], [24, 0.5664], [84, 1.0436], [6, 1.2304], [78, 0.6924]]]
[90,0,[[98, 1.3483], [96, 1.4717], [80, 0.6984], [50, 0.5601], [9, 0.6899], [20, 0.9176], [18, 0.8836]]]
[91,0,[[40, 1.2656]]]
[92,0,[[50, 1.2403], [8, 1.363], [62, 0.504], [37, 1.3119], [7, 0.5021], [33, 0.7177]]]
[93,0,[[18, 1.4081]]]
[94,0,[[57, 1.4445]]]
[95,0,[[42, 1.2206]]]
[96,0,[[4, 0.5006], [86, 1.4101], [76, 1.2927], [99, 0.8195], [17, 0.5454], [98, 0.8429], [56, 1.0785], [79, 0.5322], [1, 0.5471], [85, 0.9503], [60, 1.1598], [2, 1.2126]]]
[97,0,[[41, 0.7153]]]
[98,0,[[40, 1.1099]]]
[99,0,[[20, 0.6378], [4, 1.1991], [45, 1.1695], [38, 1.0862]]]
[100,0,[[4, 0.7239], [45, 1.3429], [87, 1.3752], [12, 0.5165], [43, 0.7818], [30, 0.6152]]]
